11111111111110000000@@@@@@@@@@@@@@@@@@@@@@@@@@@@@@@@@@@@@@@@@@@@@@@@@@@@@@@@@@@@@@@@@@@@@@@@@@@@@@@
-0001|-0001|-0001|-0001|-0001|-0001|-0001|00008|-0001|00010|-0001|-0001|-0001|-0002|-0002|-0002|-0002|-0002|-0002|-0002@@@@@@@@@@@@@@@@@@@@@@@@@@@@@@@@@@@@@@@@@@@@@@@@@@@@@@@@@@@@@@@@@@@@@@@@@@@@@@@@
root/|0|20201130104854|20201130104854|20201130113531|root/|0|d1/|1|d2/|2|d3/|3|@@@@@@@@@@@@@@@@@@@@
d1/|1|20201130110631|20201130110631|20201130111704|root/|0|d1a/|4|a1|7|@@@@@@@@@@@@@@@@@@@@@@@@@@@@
d2/|2|20201130110635|20201130110635|20201130110832|root/|0|@@@@@@@@@@@@@@@@@@@@@@@@@@@@@@@@@@@@@@@@
d3/|3|20201130110640|20201130110640|20201130113531|root/|0|x3|5|x4|6|x|11|x5|12|@@@@@@@@@@@@@@@@@@@
d1a/|4|20201130110645|20201130110645|20201130111704|d1/|1|a1a|9|@@@@@@@@@@@@@@@@@@@@@@@@@@@@@@@@@@@
x3|5|0|20201130113450|20201130113450|20201130113509|d3/|3|@@@@@@@@@@@@@@@@@@@@@@@@@@@@@@@@@@@@@@@@@
x4|6|0|20201130113511|20201130113511|20201130113522|d3/|3|@@@@@@@@@@@@@@@@@@@@@@@@@@@@@@@@@@@@@@@@@
a1|7|50|20201130110723|20201130110723|20201130111636|d1/|1|1 2 3 4 5 6 7 8 9 10 11 12 13 14 15 16 1
7 18 19 20@@@@@@@@@@@@@@@@@@@@@@@@@@@@@@@@@@@@@@@@@@@@@@@@@@@@@@@@@@@@@@@@@@@@@@@@@@@@@@@@@@@@@@@@@
a1a|9|50|20201130110734|20201130110734|20201130111704|d1a/|4|1 2 3 4 5 6 7 8 9 10 11 12 13 14 15 16
 17 18 19 20@@@@@@@@@@@@@@@@@@@@@@@@@@@@@@@@@@@@@@@@@@@@@@@@@@@@@@@@@@@@@@@@@@@@@@@@@@@@@@@@@@@@@@@
x|11|0|20201130113528|20201130113528|20201130113528|d3/|3|@@@@@@@@@@@@@@@@@@@@@@@@@@@@@@@@@@@@@@@@@
x5|12|0|20201130113531|20201130113531|20201130113531|d3/|3|@@@@@@@@@@@@@@@@@@@@@@@@@@@@@@@@@@@@@@@@
@@@@@@@@@@@@@@@@@@@@@@@@@@@@@@@@@@@@@@@@@@@@@@@@@@@@@@@@@@@@@@@@@@@@@@@@@@@@@@@@@@@@@@@@@@@@@@@@@@@
@@@@@@@@@@@@@@@@@@@@@@@@@@@@@@@@@@@@@@@@@@@@@@@@@@@@@@@@@@@@@@@@@@@@@@@@@@@@@@@@@@@@@@@@@@@@@@@@@@@
@@@@@@@@@@@@@@@@@@@@@@@@@@@@@@@@@@@@@@@@@@@@@@@@@@@@@@@@@@@@@@@@@@@@@@@@@@@@@@@@@@@@@@@@@@@@@@@@@@@
@@@@@@@@@@@@@@@@@@@@@@@@@@@@@@@@@@@@@@@@@@@@@@@@@@@@@@@@@@@@@@@@@@@@@@@@@@@@@@@@@@@@@@@@@@@@@@@@@@@
@@@@@@@@@@@@@@@@@@@@@@@@@@@@@@@@@@@@@@@@@@@@@@@@@@@@@@@@@@@@@@@@@@@@@@@@@@@@@@@@@@@@@@@@@@@@@@@@@@@
@@@@@@@@@@@@@@@@@@@@@@@@@@@@@@@@@@@@@@@@@@@@@@@@@@@@@@@@@@@@@@@@@@@@@@@@@@@@@@@@@@@@@@@@@@@@@@@@@@@
@@@@@@@@@@@@@@@@@@@@@@@@@@@@@@@@@@@@@@@@@@@@@@@@@@@@@@@@@@@@@@@@@@@@@@@@@@@@@@@@@@@@@@@@@@@@@@@@@@@
