11111111111100000000@@@@@@@@@@@@@@@@@@@@@@@@@@@@@@@@@@@@@@@@@@@@@@@@@@@@@@@@@@@@@@@@@@@@@@@@@@@@@@@
-0001|-0001|00003|-0001|00005|-0001|-0001|-0001|00009|-0001|00011|-0001|-0002|-0002|-0002|-0002|-0002|-0002|-0002|-0002@@@@@@@@@@@@@@@@@@@@@@@@@@@@@@@@@@@@@@@@@@@@@@@@@@@@@@@@@@@@@@@@@@@@@@@@@@@@@@@@
root/|0|20201130184345|20201130184345|20201130195448|root/|0|p1/|1|a1|2|p2/|6|@@@@@@@@@@@@@@@@@@@@@
p1/|1|20201130184415|20201130184415|20201130185220|root/|0|b|4|@@@@@@@@@@@@@@@@@@@@@@@@@@@@@@@@@@@@
a1|2|50|20201130184742|20201130184742|20201130195448|root/|0|1 2 3 4 5 6 7 8 9 10 11 12 13 14 15 16
 17 18 19 20@@@@@@@@@@@@@@@@@@@@@@@@@@@@@@@@@@@@@@@@@@@@@@@@@@@@@@@@@@@@@@@@@@@@@@@@@@@@@@@@@@@@@@@
b|4|50|20201130185220|20201130185220|20201130185220|p1/|1|1 2 3 4 5 6 7 8 9 10 11 12 13 14 15 16 17
 18 19 20@@@@@@@@@@@@@@@@@@@@@@@@@@@@@@@@@@@@@@@@@@@@@@@@@@@@@@@@@@@@@@@@@@@@@@@@@@@@@@@@@@@@@@@@@@
p2/|6|20201130190811|20201130190811|20201130195347|root/|0|p3/|7|c|8|@@@@@@@@@@@@@@@@@@@@@@@@@@@@@@
p3/|7|20201130190813|20201130190813|20201130195347|p2/|6|d|10|@@@@@@@@@@@@@@@@@@@@@@@@@@@@@@@@@@@@@
c|8|50|20201130190821|20201130190821|20201130190821|p2/|6|1 2 3 4 5 6 7 8 9 10 11 12 13 14 15 16 17
 18 19 20@@@@@@@@@@@@@@@@@@@@@@@@@@@@@@@@@@@@@@@@@@@@@@@@@@@@@@@@@@@@@@@@@@@@@@@@@@@@@@@@@@@@@@@@@@
d|10|50|20201130190828|20201130190828|20201130195347|p3/|7|1 2 3 4 5 6 7 8 9 10 11 12 13 14 15 16 1
7 18 19 20@@@@@@@@@@@@@@@@@@@@@@@@@@@@@@@@@@@@@@@@@@@@@@@@@@@@@@@@@@@@@@@@@@@@@@@@@@@@@@@@@@@@@@@@@
@@@@@@@@@@@@@@@@@@@@@@@@@@@@@@@@@@@@@@@@@@@@@@@@@@@@@@@@@@@@@@@@@@@@@@@@@@@@@@@@@@@@@@@@@@@@@@@@@@@
@@@@@@@@@@@@@@@@@@@@@@@@@@@@@@@@@@@@@@@@@@@@@@@@@@@@@@@@@@@@@@@@@@@@@@@@@@@@@@@@@@@@@@@@@@@@@@@@@@@
@@@@@@@@@@@@@@@@@@@@@@@@@@@@@@@@@@@@@@@@@@@@@@@@@@@@@@@@@@@@@@@@@@@@@@@@@@@@@@@@@@@@@@@@@@@@@@@@@@@
@@@@@@@@@@@@@@@@@@@@@@@@@@@@@@@@@@@@@@@@@@@@@@@@@@@@@@@@@@@@@@@@@@@@@@@@@@@@@@@@@@@@@@@@@@@@@@@@@@@
@@@@@@@@@@@@@@@@@@@@@@@@@@@@@@@@@@@@@@@@@@@@@@@@@@@@@@@@@@@@@@@@@@@@@@@@@@@@@@@@@@@@@@@@@@@@@@@@@@@
@@@@@@@@@@@@@@@@@@@@@@@@@@@@@@@@@@@@@@@@@@@@@@@@@@@@@@@@@@@@@@@@@@@@@@@@@@@@@@@@@@@@@@@@@@@@@@@@@@@
@@@@@@@@@@@@@@@@@@@@@@@@@@@@@@@@@@@@@@@@@@@@@@@@@@@@@@@@@@@@@@@@@@@@@@@@@@@@@@@@@@@@@@@@@@@@@@@@@@@
@@@@@@@@@@@@@@@@@@@@@@@@@@@@@@@@@@@@@@@@@@@@@@@@@@@@@@@@@@@@@@@@@@@@@@@@@@@@@@@@@@@@@@@@@@@@@@@@@@@
